crossing time (s)	slope (V/s)	crossing number
281474976710655.000000	-75.848022	5517	0.000000
281474976710655.000000	-48.842403	5518	0.000000
281474976710655.000000	-76.195755	5519	0.000000
281474976710655.000000	-113.358429	5520	0.000000
281474976710655.000000	-76.818260	5521	0.000000
281474976710655.000000	-72.772072	5522	0.000000
281474976710655.000000	-154.473328	5523	0.000000
281474976710655.000000	-72.781258	5524	0.000000
281474976710655.000000	-38.108788	5525	0.000000
281474976710655.000000	-80.235870	5526	0.000000
281474976710655.000000	-51.628132	5527	0.000000
281474976710655.000000	-73.008682	5528	0.000000
281474976710655.000000	-75.651955	5529	0.000000
281474976710655.000000	-71.400589	5530	0.000000
281474976710655.000000	-38.145775	5531	0.000000
281474976710655.000000	-146.789124	5532	0.000000
281474976710655.000000	-76.626801	5533	0.000000
281474976710655.000000	-115.730675	5534	0.000000
281474976710655.000000	-75.573990	5535	0.000000
281474976710655.000000	-77.004921	5536	0.000000
281474976710655.000000	-144.502686	5537	0.000000
281474976710655.000000	-74.934647	5538	0.000000
281474976710655.000000	-74.653259	5539	0.000000
281474976710655.000000	-73.185318	5540	0.000000
281474976710655.000000	-154.159790	5541	0.000000
281474976710655.000000	-78.056404	5542	0.000000
281474976710655.000000	-36.619568	5543	0.000000
281474976710655.000000	-113.817490	5544	0.000000
281474976710655.000000	-48.570587	5545	0.000000
281474976710655.000000	-36.588425	5546	0.000000
281474976710655.000000	-75.008568	5547	0.000000
281474976710655.000000	-35.339451	5548	0.000000
281474976710655.000000	-73.025711	5549	0.000000
281474976710655.000000	-67.869537	5550	0.000000
281474976710655.000000	-74.010902	5551	0.000000
281474976710655.000000	-142.086746	5552	0.000000
281474976710655.000000	-35.926472	5553	0.000000
281474976710655.000000	-52.986015	5554	0.000000
281474976710655.000000	-74.621643	5555	0.000000
281474976710655.000000	-45.685181	5556	0.000000
281474976710655.000000	-38.481930	5557	0.000000
281474976710655.000000	-69.798737	5558	0.000000
281474976710655.000000	-146.149460	5559	0.000000
281474976710655.000000	-53.222851	5560	0.000000
281474976710655.000000	-55.770199	5561	0.000000
281474976710655.000000	-44.872864	5562	0.000000
281474976710655.000000	-73.521790	5563	0.000000
281474976710655.000000	-68.922440	5564	0.000000
281474976710655.000000	-73.227791	5565	0.000000
281474976710655.000000	-76.710777	5566	0.000000
281474976710655.000000	-78.137115	5567	0.000000
281474976710655.000000	-70.418388	5568	0.000000
281474976710655.000000	-78.896942	5569	0.000000
281474976710655.000000	-106.646782	5570	0.000000
281474976710655.000000	-71.421211	5571	0.000000
281474976710655.000000	-69.973648	5572	0.000000
281474976710655.000000	-71.540878	5573	0.000000
281474976710655.000000	-48.288040	5574	0.000000
281474976710655.000000	-72.064362	5575	0.000000
281474976710655.000000	-35.844704	5576	0.000000
281474976710655.000000	-71.762077	5577	0.000000
281474976710655.000000	-72.112694	5578	0.000000
281474976710655.000000	-73.292671	5579	0.000000
281474976710655.000000	-44.791199	5580	0.000000
281474976710655.000000	-36.874645	5581	0.000000
281474976710655.000000	-65.748596	5582	0.000000
281474976710655.000000	-146.915100	5583	0.000000
281474976710655.000000	-66.476685	5584	0.000000
281474976710655.000000	-74.291161	5585	0.000000
281474976710655.000000	-45.918842	5586	0.000000
281474976710655.000000	-70.526077	5587	0.000000
281474976710655.000000	-34.041737	5588	0.000000
281474976710655.000000	-69.388184	5589	0.000000
281474976710655.000000	-44.045918	5590	0.000000
281474976710655.000000	-54.978165	5591	0.000000
281474976710655.000000	-67.731239	5592	0.000000
281474976710655.000000	-47.450447	5593	0.000000
281474976710655.000000	-67.133453	5594	0.000000
281474976710655.000000	-71.075668	5595	0.000000
281474976710655.000000	-67.283745	5596	0.000000
281474976710655.000000	-68.697708	5597	0.000000
281474976710655.000000	-44.450638	5598	0.000000
281474976710655.000000	-34.778481	5599	0.000000
281474976710655.000000	-104.014923	5600	0.000000
281474976710655.000000	-69.378159	5601	0.000000
281474976710655.000000	-72.520683	5602	0.000000
281474976710655.000000	-35.670971	5603	0.000000
281474976710655.000000	-67.569435	5604	0.000000
281474976710655.000000	Inf	5605	0.000000
281474976710655.000000	-65.640358	5606	0.000000
281474976710655.000000	-54.074760	5607	0.000000
281474976710655.000000	-71.407837	5608	0.000000
281474976710655.000000	-69.728027	5609	0.000000
281474976710655.000000	-65.349648	5610	0.000000
281474976710655.000000	-69.046021	5611	0.000000
281474976710655.000000	-44.007401	5612	0.000000
281474976710655.000000	-46.222233	5613	0.000000
281474976710655.000000	-101.995842	5614	0.000000
281474976710655.000000	-107.411491	5615	0.000000
281474976710655.000000	-42.459961	5616	0.000000
281474976710655.000000	-46.440609	5617	0.000000
281474976710655.000000	-101.471092	5618	0.000000
281474976710655.000000	-68.013199	5619	0.000000
281474976710655.000000	-62.514214	5620	0.000000
281474976710655.000000	-44.597553	5621	0.000000
281474976710655.000000	-127.635117	5622	0.000000
281474976710655.000000	-134.421829	5623	0.000000
281474976710655.000000	-64.521400	5624	0.000000
281474976710655.000000	-68.017075	5625	0.000000
281474976710655.000000	-63.331257	5626	0.000000
281474976710655.000000	-68.020554	5627	0.000000
281474976710655.000000	-63.399410	5628	0.000000
281474976710655.000000	-51.639889	5629	0.000000
281474976710655.000000	-99.616219	5630	0.000000
281474976710655.000000	-105.626747	5631	0.000000
281474976710655.000000	-65.385681	5632	0.000000
281474976710655.000000	-64.697777	5633	0.000000
281474976710655.000000	-64.129326	5634	0.000000
281474976710655.000000	-46.766388	5635	0.000000
281474976710655.000000	-64.529846	5636	0.000000
281474976710655.000000	-68.814537	5637	0.000000
281474976710655.000000	-128.194016	5638	0.000000
281474976710655.000000	-43.033867	5639	0.000000
281474976710655.000000	-63.653416	5640	0.000000
281474976710655.000000	-51.048817	5641	0.000000
281474976710655.000000	-124.315193	5642	0.000000
281474976710655.000000	-65.897537	5643	0.000000
281474976710655.000000	-61.826515	5644	0.000000
281474976710655.000000	-51.372780	5645	0.000000
281474976710655.000000	-63.185947	5646	0.000000
281474976710655.000000	-67.420654	5647	0.000000
281474976710655.000000	-60.260666	5648	0.000000
281474976710655.000000	-72.624390	5649	0.000000
281474976710655.000000	-122.891197	5650	0.000000
281474976710655.000000	-45.111156	5651	0.000000
281474976710655.000000	-46.912983	5652	0.000000
281474976710655.000000	-43.131962	5653	0.000000
281474976710655.000000	-47.994270	5654	0.000000
281474976710655.000000	-70.729370	5655	0.000000
281474976710655.000000	-40.988674	5656	0.000000
281474976710655.000000	-64.256149	5657	0.000000
281474976710655.000000	-62.374493	5658	0.000000
281474976710655.000000	-64.115135	5659	0.000000
281474976710655.000000	-48.460468	5660	0.000000
281474976710655.000000	-62.844418	5661	0.000000
281474976710655.000000	-66.460854	5662	0.000000
281474976710655.000000	-63.828285	5663	0.000000
281474976710655.000000	-63.065956	5664	0.000000
281474976710655.000000	-43.546227	5665	0.000000
281474976710655.000000	-63.316830	5666	0.000000
281474976710655.000000	-65.033607	5667	0.000000
281474976710655.000000	-61.778244	5668	0.000000
281474976710655.000000	-43.592575	5669	0.000000
281474976710655.000000	-61.202431	5670	0.000000
281474976710655.000000	-63.278881	5671	0.000000
281474976710655.000000	-41.692825	5672	0.000000
281474976710655.000000	-62.133286	5673	0.000000
281474976710655.000000	-60.748795	5674	0.000000
281474976710655.000000	-62.392349	5675	0.000000
281474976710655.000000	-60.821293	5676	0.000000
281474976710655.000000	-49.625732	5677	0.000000
281474976710655.000000	-95.070786	5678	0.000000
281474976710655.000000	-63.034344	5679	0.000000
281474976710655.000000	-64.540489	5680	0.000000
281474976710655.000000	-101.086266	5681	0.000000
281474976710655.000000	-46.026775	5682	0.000000
281474976710655.000000	-67.030670	5683	0.000000
281474976710655.000000	-61.431644	5684	0.000000
281474976710655.000000	-49.262451	5685	0.000000
281474976710655.000000	-79.817734	5686	0.000000
281474976710655.000000	-60.774643	5687	0.000000
281474976710655.000000	-59.560642	5688	0.000000
281474976710655.000000	-96.655525	5689	0.000000
281474976710655.000000	-46.457321	5690	0.000000
281474976710655.000000	-62.091949	5691	0.000000
281474976710655.000000	-61.130222	5692	0.000000
281474976710655.000000	-67.918159	5693	0.000000
281474976710655.000000	-61.227051	5694	0.000000
281474976710655.000000	-66.716209	5695	0.000000
281474976710655.000000	-95.308357	5696	0.000000
281474976710655.000000	-46.625969	5697	0.000000
281474976710655.000000	-46.352131	5698	0.000000
281474976710655.000000	-60.583561	5699	0.000000
281474976710655.000000	-59.660076	5700	0.000000
281474976710655.000000	-40.479733	5701	0.000000
281474976710655.000000	-66.206436	5702	0.000000
281474976710655.000000	-61.271790	5703	0.000000
281474976710655.000000	-64.263321	5704	0.000000
281474976710655.000000	-57.502045	5705	0.000000
281474976710655.000000	-56.611889	5706	0.000000
281474976710655.000000	-65.346786	5707	0.000000
281474976710655.000000	-48.476498	5708	0.000000
281474976710655.000000	-65.529068	5709	0.000000
281474976710655.000000	-56.300247	5710	0.000000
281474976710655.000000	-49.965389	5711	0.000000
281474976710655.000000	-39.586395	5712	0.000000
281474976710655.000000	-65.691254	5713	0.000000
281474976710655.000000	-56.229362	5714	0.000000
281474976710655.000000	-65.785461	5715	0.000000
281474976710655.000000	-48.052132	5716	0.000000
281474976710655.000000	-49.506252	5717	0.000000
281474976710655.000000	-38.122627	5718	0.000000
281474976710655.000000	-95.410561	5719	0.000000
281474976710655.000000	-56.064659	5720	0.000000
281474976710655.000000	-44.847942	5721	0.000000
281474976710655.000000	-86.902138	5722	0.000000
281474976710655.000000	-63.914513	5723	0.000000
281474976710655.000000	-53.401684	5724	0.000000
281474976710655.000000	-58.477001	5725	0.000000
281474976710655.000000	-39.634594	5726	0.000000
281474976710655.000000	-46.606636	5727	0.000000
281474976710655.000000	-58.360836	5728	0.000000
281474976710655.000000	-38.835896	5729	0.000000
281474976710655.000000	-39.190880	5730	0.000000
281474976710655.000000	-57.785660	5731	0.000000
281474976710655.000000	-57.507740	5732	0.000000
281474976710655.000000	-93.878586	5733	0.000000
281474976710655.000000	-62.841782	5734	0.000000
281474976710655.000000	-44.540314	5735	0.000000
281474976710655.000000	-47.364098	5736	0.000000
281474976710655.000000	-58.177631	5737	0.000000
281474976710655.000000	-76.585831	5738	0.000000
281474976710655.000000	-58.383595	5739	0.000000
281474976710655.000000	-43.697689	5740	0.000000
281474976710655.000000	-57.007725	5741	0.000000
281474976710655.000000	-58.181763	5742	0.000000
281474976710655.000000	-92.959030	5743	0.000000
281474976710655.000000	-54.965343	5744	0.000000
281474976710655.000000	-87.856590	5745	0.000000
281474976710655.000000	-62.144520	5746	0.000000
281474976710655.000000	-57.545952	5747	0.000000
281474976710655.000000	-56.980347	5748	0.000000
281474976710655.000000	-56.874607	5749	0.000000
281474976710655.000000	-56.188480	5750	0.000000
281474976710655.000000	-54.273663	5751	0.000000
281474976710655.000000	-57.554192	5752	0.000000
281474976710655.000000	-28.198256	5753	0.000000
281474976710655.000000	-57.201313	5754	0.000000
281474976710655.000000	-56.485107	5755	0.000000
281474976710655.000000	-43.811993	5756	0.000000
281474976710655.000000	-54.742905	5757	0.000000
281474976710655.000000	-83.912315	5758	0.000000
281474976710655.000000	-63.069496	5759	0.000000
281474976710655.000000	-54.557247	5760	0.000000
281474976710655.000000	-62.670345	5761	0.000000
281474976710655.000000	-37.011162	5762	0.000000
281474976710655.000000	-55.449696	5763	0.000000
281474976710655.000000	-53.459583	5764	0.000000
281474976710655.000000	-55.347679	5765	0.000000
281474976710655.000000	-53.960171	5766	0.000000
281474976710655.000000	-55.293095	5767	0.000000
281474976710655.000000	-55.392185	5768	0.000000
281474976710655.000000	-37.957565	5769	0.000000
281474976710655.000000	-44.593430	5770	0.000000
281474976710655.000000	-44.230965	5771	0.000000
281474976710655.000000	-88.688560	5772	0.000000
281474976710655.000000	-36.704746	5773	0.000000
281474976710655.000000	-71.905739	5774	0.000000
281474976710655.000000	-46.804581	5775	0.000000
281474976710655.000000	-71.536064	5776	0.000000
281474976710655.000000	-75.014122	5777	0.000000
281474976710655.000000	-53.402714	5778	0.000000
281474976710655.000000	-55.372856	5779	0.000000
281474976710655.000000	-54.382919	5780	0.000000
281474976710655.000000	-54.425312	5781	0.000000
281474976710655.000000	-53.599731	5782	0.000000
281474976710655.000000	-49.613972	5783	0.000000
281474976710655.000000	-41.803127	5784	0.000000
281474976710655.000000	-55.846420	5785	0.000000
281474976710655.000000	-55.681271	5786	0.000000
281474976710655.000000	-45.248150	5787	0.000000
281474976710655.000000	-42.942825	5788	0.000000
281474976710655.000000	-52.536816	5789	0.000000
281474976710655.000000	-53.450974	5790	0.000000
281474976710655.000000	-60.066105	5791	0.000000
281474976710655.000000	-52.970882	5792	0.000000
281474976710655.000000	-42.311550	5793	0.000000
281474976710655.000000	-51.526005	5794	0.000000
281474976710655.000000	-55.234829	5795	0.000000
281474976710655.000000	-52.410427	5796	0.000000
281474976710655.000000	-54.468037	5797	0.000000
281474976710655.000000	-58.895977	5798	0.000000
281474976710655.000000	-52.910789	5799	0.000000
281474976710655.000000	-52.209862	5800	0.000000
281474976710655.000000	-36.162407	5801	0.000000
281474976710655.000000	-34.888649	5802	0.000000
281474976710655.000000	-54.079823	5803	0.000000
281474976710655.000000	-43.157150	5804	0.000000
281474976710655.000000	-41.308037	5805	0.000000
281474976710655.000000	-41.054646	5806	0.000000
281474976710655.000000	-37.268230	5807	0.000000
281474976710655.000000	-43.789478	5808	0.000000
281474976710655.000000	-51.728058	5809	0.000000
281474976710655.000000	-81.673561	5810	0.000000
281474976710655.000000	-52.164944	5811	0.000000
281474976710655.000000	-41.861927	5812	0.000000
281474976710655.000000	-51.376511	5813	0.000000
281474976710655.000000	-52.744785	5814	0.000000
